5 1 1
5 1 2
5 1 3
5 1 4
5 1 5
5 1 6
5 1 7
5 1 8
5 1 9
5 1 10
5 1 11
5 1 12
5 1 13
5 1 14
5 1 15
5 1 16
5 1 17
5 1 18
5 1 19
5 1 20
5 1 21
5 1 22
5 1 23
5 1 24
5 1 25
5 1 26
5 1 27
5 1 28
5 1 29
5 1 30
5 1 31
5 1 32
5 1 33
5 1 34
5 1 35
5 1 36
5 1 37
5 1 38
5 1 39
5 1 40
5 1 41
5 1 42
5 1 43
5 1 44
5 1 45
5 1 46
5 1 47
5 1 48
5 1 49
5 1 50
5 1 51
5 1 52
5 1 53
5 1 54
5 1 55
5 1 56
5 1 57
5 1 58
5 1 59
5 1 60
5 1 61
5 1 62
5 1 63
5 1 64
5 1 65
5 1 66
5 1 67
5 1 68
5 1 69
5 1 70
5 1 71
5 1 72
5 1 73
5 1 74
5 1 75
5 1 76
5 1 77
5 1 78
5 1 79
5 1 80
5 1 81
5 1 82
5 1 83
5 1 84
5 1 85
5 1 86
5 1 87
5 1 88
5 1 89
5 1 90
5 1 91
5 1 92
5 1 93
5 1 94
5 1 95
5 1 96
5 1 97
5 1 98
5 1 99
5 1 100
5 1 101
5 1 102
5 1 103
5 1 104
5 1 105
5 1 106
5 1 107
5 1 108
5 1 109
5 1 110
5 1 111
5 1 112
5 1 113
5 1 114
5 1 115
5 1 116
5 1 117
5 1 118
5 1 119
5 1 120
5 1 121
5 1 122
5 1 123
5 1 124
5 1 125
5 1 126
5 1 127
5 1 128
5 1 129
5 1 130
5 1 131
5 1 132
5 1 133
5 1 134
5 1 135
5 1 136
5 1 137
5 1 138
5 1 139
5 1 140
5 1 141
5 1 142
5 1 143
5 1 144
5 1 145
5 1 146
5 1 147
5 1 148
5 1 149
5 1 150
5 1 151
5 1 152
5 1 153
5 1 154
5 1 155
5 1 156
5 1 157
5 1 158
5 1 159
5 1 160
5 1 161
5 1 162
5 1 163
5 1 164
5 1 165
5 1 166
5 1 167
5 1 168
5 1 169
5 1 170
5 1 171
5 1 172
5 1 173
5 1 174
5 1 175
5 1 176
5 1 177
5 1 178
5 1 179
5 1 180
5 1 181
5 1 182
5 1 183
5 1 184
5 1 185
5 1 186
5 1 187
5 1 188
5 1 189
5 1 190
5 1 191
5 1 192
5 1 193
5 1 194
5 1 195
5 1 196
5 1 197
5 1 198
5 1 199
5 1 200
5 1 201
5 1 202
5 1 203
5 1 204
5 1 205
5 1 206
5 1 207
5 1 208
5 1 209
5 1 210
5 1 211
5 1 212
5 1 213
5 1 214
5 1 215
5 1 216
5 1 217
5 1 218
5 1 219
5 1 220
5 1 221
5 1 222
5 1 223
5 1 224
5 1 225
5 1 226
5 1 227
5 1 228
5 1 229
5 1 230
5 1 231
5 1 232
5 1 233
5 1 234
5 1 235
5 1 236
5 1 237
5 1 238
5 1 239
5 1 240
5 1 241
5 1 242
5 1 243
5 1 244
5 1 245
5 1 246
5 1 247
5 1 248
5 1 249
5 1 250
5 1 251
5 1 252
5 1 253
5 1 254
5 1 255
5 1 256
5 1 257
5 1 258
5 1 259
5 1 260
5 1 261
5 1 262
5 1 263
5 1 264
5 1 265
5 1 266
5 1 267
5 1 268
5 1 269
5 1 270
5 1 271
5 1 272
5 1 273
5 1 274
5 1 275
5 1 276
5 1 277
5 1 278
5 1 279
5 1 280
5 1 281
5 1 282
5 1 283
5 1 284
5 1 285
5 1 286
5 1 287
5 1 288
5 1 289
5 1 290
5 1 291
5 1 292
5 1 293
5 1 294
5 1 295
5 1 296
5 1 297
5 1 298
5 1 299
5 1 300
5 1 301
5 1 302
5 1 303
5 1 304
5 1 305
5 1 306
5 1 307
5 1 308
5 1 309
5 1 310
5 1 311
5 1 312
5 1 313
5 1 314
5 1 315
5 1 316
5 1 317
5 1 318
5 1 319
5 1 320
5 1 321
5 1 322
5 1 323
5 1 324
5 1 325
5 1 326
5 1 327
5 1 328
5 1 329
5 1 330
5 1 331
5 1 332
5 1 333
5 1 334
5 1 335
5 1 336
5 1 337
5 1 338
5 1 339
5 1 340
5 1 341
5 1 342
5 1 343
5 1 344
5 1 345
5 1 346
5 1 347
5 1 348
5 1 349
5 1 350
5 1 351
5 1 352
5 1 353
5 1 354
5 1 355
5 1 356
5 1 357
5 1 358
5 1 359
5 1 360
5 1 361
5 1 362
5 1 363
5 1 364
5 1 365
5 1 366
5 1 367
5 1 368
5 1 369
5 1 370
5 1 371
5 1 372
5 1 373
5 1 374
5 1 375
5 1 376
5 1 377
5 1 378
5 1 379
5 1 380
5 1 381
5 1 382
5 1 383
5 1 384
5 1 385
5 1 386
5 1 387
5 1 388
5 1 389
5 1 390
5 1 391
5 1 392
5 1 393
5 1 394
5 1 395
5 1 396
5 1 397
5 1 398
5 1 399
5 1 400
5 1 401
5 1 402
5 1 403
5 1 404
5 1 405
5 1 406
5 1 407
5 1 408
5 1 409
5 1 410
5 1 411
5 1 412
5 1 413
5 1 414
5 1 415
5 1 416
5 1 417
5 1 418
5 1 419
5 1 420
5 1 421
5 1 422
5 1 423
5 1 424
5 1 425
5 1 426
5 1 427
5 1 428
5 1 429
5 1 430
5 1 431
5 1 432
5 1 433
5 1 434
5 1 435
5 1 436
5 1 437
5 1 438
5 1 439
5 1 440
5 1 441
5 1 442
5 1 443
5 1 444
5 1 445
5 1 446
5 1 447
5 1 448
5 1 449
5 1 450
5 1 451
5 1 452
5 1 453
5 1 454
5 1 455
5 1 456
5 1 457
5 1 458
5 1 459
5 1 460
5 1 461
5 1 462
5 1 463
5 1 464
5 1 465
5 1 466
5 1 467
5 1 468
5 1 469
5 1 470
5 1 471
5 1 472
5 1 473
5 1 474
5 1 475
5 1 476
5 1 477
5 1 478
5 1 479
5 1 480
5 1 481
5 1 482
5 1 483
5 1 484
5 1 485
5 1 486
5 1 487
5 1 488
5 1 489
5 1 490
5 1 491
5 1 492
5 1 493
5 1 494
5 1 495
5 1 496
5 1 497
5 1 498
5 1 499
5 1 500
5 1 501
5 1 502
5 1 503
5 1 504
5 1 505
5 1 506
5 1 507
5 1 508
5 1 509
5 1 510
5 1 511
5 1 512
5 2 1
5 2 2
5 2 3
5 2 4
5 2 5
5 2 6
5 2 7
5 2 8
5 2 9
5 2 10
5 2 11
5 2 12
5 2 13
5 2 14
5 2 15
5 2 16
5 2 17
5 2 18
5 2 19
5 2 20
5 2 21
5 2 22
5 2 23
5 2 24
5 2 25
5 2 26
5 2 27
5 2 28
5 2 29
5 2 30
5 2 31
5 2 32
5 2 33
5 2 34
5 2 35
5 2 36
5 2 37
5 2 38
5 2 39
5 2 40
5 2 41
5 2 42
5 2 43
5 2 44
5 2 45
5 2 46
5 2 47
5 2 48
5 2 49
5 2 50
5 2 51
5 2 52
5 2 53
5 2 54
5 2 55
5 2 56
5 2 57
5 2 58
5 2 59
5 2 60
5 2 61
5 2 62
5 2 63
5 2 64
5 2 65
5 2 66
5 2 67
5 2 68
5 2 69
5 2 70
5 2 71
5 2 72
5 2 73
5 2 74
5 2 75
5 2 76
5 2 77
5 2 78
5 2 79
5 2 80
5 2 81
5 2 82
5 2 83
5 2 84
5 2 85
5 2 86
5 2 87
5 2 88
5 2 89
5 2 90
5 2 91
5 2 92
5 2 93
5 2 94
5 2 95
5 2 96
5 2 97
5 2 98
5 2 99
5 2 100
5 2 101
5 2 102
5 2 103
5 2 104
5 2 105
5 2 106
5 2 107
5 2 108
5 2 109
5 2 110
5 2 111
5 2 112
5 2 113
5 2 114
5 2 115
5 2 116
5 2 117
5 2 118
5 2 119
5 2 120
5 2 121
5 2 122
5 2 123
5 2 124
5 2 125
5 2 126
5 2 127
5 2 128
5 2 129
5 2 130
5 2 131
5 2 132
5 2 133
5 2 134
5 2 135
5 2 136
5 2 137
5 2 138
5 2 139
5 2 140
5 2 141
5 2 142
5 2 143
5 2 144
5 2 145
5 2 146
5 2 147
5 2 148
5 2 149
5 2 150
5 2 151
5 2 152
5 2 153
5 2 154
5 2 155
5 2 156
5 2 157
5 2 158
5 2 159
5 2 160
5 2 161
5 2 162
5 2 163
5 2 164
5 2 165
5 2 166
5 2 167
5 2 168
5 2 169
5 2 170
5 2 171
5 2 172
5 2 173
5 2 174
5 2 175
5 2 176
5 2 177
5 2 178
5 2 179
5 2 180
5 2 181
5 2 182
5 2 183
5 2 184
5 2 185
5 2 186
5 2 187
5 2 188
5 2 189
5 2 190
5 2 191
5 2 192
5 2 193
5 2 194
5 2 195
5 2 196
5 2 197
5 2 198
5 2 199
5 2 200
5 2 201
5 2 202
5 2 203
5 2 204
5 2 205
5 2 206
5 2 207
5 2 208
5 2 209
5 2 210
5 2 211
5 2 212
5 2 213
5 2 214
5 2 215
5 2 216
5 2 217
5 2 218
5 2 219
5 2 220
5 2 221
5 2 222
5 2 223
5 2 224
5 2 225
5 2 226
5 2 227
5 2 228
5 2 229
5 2 230
5 2 231
5 2 232
5 2 233
5 2 234
5 2 235
5 2 236
5 2 237
5 2 238
5 2 239
5 2 240
5 2 241
5 2 242
5 2 243
5 2 244
5 2 245
5 2 246
5 2 247
5 2 248
5 2 249
5 2 250
5 2 251
5 2 252
5 2 253
5 2 254
5 2 255
5 2 256
5 3 1
5 3 2
5 3 3
5 3 4
5 3 5
5 3 6
5 3 7
5 3 8
5 3 9
5 3 10
5 3 11
5 3 12
5 3 13
5 3 14
5 3 15
5 3 16
5 3 17
5 3 18
5 3 19
5 3 20
5 3 21
5 3 22
5 3 23
5 3 24
5 3 25
5 3 26
5 3 27
5 3 28
5 3 29
5 3 30
5 3 31
5 3 32
5 3 33
5 3 34
5 3 35
5 3 36
5 3 37
5 3 38
5 3 39
5 3 40
5 3 41
5 3 42
5 3 43
5 3 44
5 3 45
5 3 46
5 3 47
5 3 48
5 3 49
5 3 50
5 3 51
5 3 52
5 3 53
5 3 54
5 3 55
5 3 56
5 3 57
5 3 58
5 3 59
5 3 60
5 3 61
5 3 62
5 3 63
5 3 64
5 3 65
5 3 66
5 3 67
5 3 68
5 3 69
5 3 70
5 3 71
5 3 72
5 3 73
5 3 74
5 3 75
5 3 76
5 3 77
5 3 78
5 3 79
5 3 80
5 3 81
5 3 82
5 3 83
5 3 84
5 3 85
5 3 86
5 3 87
5 3 88
5 3 89
5 3 90
5 3 91
5 3 92
5 3 93
5 3 94
5 3 95
5 3 96
5 3 97
5 3 98
5 3 99
5 3 100
5 3 101
5 3 102
5 3 103
5 3 104
5 3 105
5 3 106
5 3 107
5 3 108
5 3 109
5 3 110
5 3 111
5 3 112
5 3 113
5 3 114
5 3 115
5 3 116
5 3 117
5 3 118
5 3 119
5 3 120
5 3 121
5 3 122
5 3 123
5 3 124
5 3 125
5 3 126
5 3 127
5 3 128
5 4 1
5 4 2
5 4 3
5 4 4
5 4 5
5 4 6
5 4 7
5 4 8
5 4 9
5 4 10
5 4 11
5 4 12
5 4 13
5 4 14
5 4 15
5 4 16
5 4 17
5 4 18
5 4 19
5 4 20
5 4 21
5 4 22
5 4 23
5 4 24
5 4 25
5 4 26
5 4 27
5 4 28
5 4 29
5 4 30
5 4 31
5 4 32
5 4 33
5 4 34
5 4 35
5 4 36
5 4 37
5 4 38
5 4 39
5 4 40
5 4 41
5 4 42
5 4 43
5 4 44
5 4 45
5 4 46
5 4 47
5 4 48
5 4 49
5 4 50
5 4 51
5 4 52
5 4 53
5 4 54
5 4 55
5 4 56
5 4 57
5 4 58
5 4 59
5 4 60
5 4 61
5 4 62
5 4 63
5 4 64
5 5 1
5 5 2
5 5 3
5 5 4
5 5 5
5 5 6
5 5 7
5 5 8
5 5 9
5 5 10
5 5 11
5 5 12
5 5 13
5 5 14
5 5 15
5 5 16
5 5 17
5 5 18
5 5 19
5 5 20
5 5 21
5 5 22
5 5 23
5 5 24
5 5 25
5 5 26
5 5 27
5 5 28
5 5 29
5 5 30
5 5 31
5 5 32
5 6 1
5 6 2
5 6 3
5 6 4
5 6 5
5 6 6
5 6 7
5 6 8
5 6 9
5 6 10
5 6 11
5 6 12
5 6 13
5 6 14
5 6 15
5 6 16
5 7 1
5 7 2
5 7 3
5 7 4
5 7 5
5 7 6
5 7 7
5 7 8
5 8 1
5 8 2
5 8 3
5 8 4
5 9 1
5 9 2
5 10 1
10 1 1
10 1 2
10 1 3
10 1 4
10 1 5
10 1 6
10 1 7
10 1 8
10 1 9
10 1 10
10 1 11
10 1 12
10 1 13
10 1 14
10 1 15
10 1 16
10 1 17
10 1 18
10 1 19
10 1 20
10 1 21
10 1 22
10 1 23
10 1 24
10 1 25
10 1 26
10 1 27
10 1 28
10 1 29
10 1 30
10 1 31
10 1 32
10 1 33
10 1 34
10 1 35
10 1 36
10 1 37
10 1 38
10 1 39
10 1 40
10 1 41
10 1 42
10 1 43
10 1 44
10 1 45
10 1 46
10 1 47
10 1 48
10 1 49
10 1 50
10 1 51
10 1 52
10 1 53
10 1 54
10 1 55
10 1 56
10 1 57
10 1 58
10 1 59
10 1 60
10 1 61
10 1 62
10 1 63
10 1 64
10 1 65
10 1 66
10 1 67
10 1 68
10 1 69
10 1 70
10 1 71
10 1 72
10 1 73
10 1 74
10 1 75
10 1 76
10 1 77
10 1 78
10 1 79
10 1 80
10 1 81
10 1 82
10 1 83
10 1 84
10 1 85
10 1 86
10 1 87
10 1 88
10 1 89
10 1 90
10 1 91
10 1 92
10 1 93
10 1 94
10 1 95
10 1 96
10 1 97
10 1 98
10 1 99
10 1 100
10 1 101
10 1 102
10 1 103
10 1 104
10 1 105
10 1 106
10 1 107
10 1 108
10 1 109
10 1 110
10 1 111
10 1 112
10 1 113
10 1 114
10 1 115
10 1 116
10 1 117
10 1 118
10 1 119
10 1 120
10 1 121
10 1 122
10 1 123
10 1 124
10 1 125
10 1 126
10 1 127
10 1 128
10 1 129
10 1 130
10 1 131
10 1 132
10 1 133
10 1 134
10 1 135
10 1 136
10 1 137
10 1 138
10 1 139
10 1 140
10 1 141
10 1 142
10 1 143
10 1 144
10 1 145
10 1 146
10 1 147
10 1 148
10 1 149
10 1 150
10 1 151
10 1 152
10 1 153
10 1 154
10 1 155
10 1 156
10 1 157
10 1 158
10 1 159
10 1 160
10 1 161
10 1 162
10 1 163
10 1 164
10 1 165
10 1 166
10 1 167
10 1 168
10 1 169
10 1 170
10 1 171
10 1 172
10 1 173
10 1 174
10 1 175
10 1 176
10 1 177
10 1 178
10 1 179
10 1 180
10 1 181
10 1 182
10 1 183
10 1 184
10 1 185
10 1 186
10 1 187
10 1 188
10 1 189
10 1 190
10 1 191
10 1 192
10 1 193
10 1 194
10 1 195
10 1 196
10 1 197
10 1 198
10 1 199
10 1 200
10 1 201
10 1 202
10 1 203
10 1 204
10 1 205
10 1 206
10 1 207
10 1 208
10 1 209
10 1 210
10 1 211
10 1 212
10 1 213
10 1 214
10 1 215
10 1 216
10 1 217
10 1 218
10 1 219
10 1 220
10 1 221
10 1 222
10 1 223
10 1 224
10 1 225
10 1 226
10 1 227
10 1 228
10 1 229
10 1 230
10 1 231
10 1 232
10 1 233
10 1 234
10 1 235
10 1 236
10 1 237
10 1 238
10 1 239
10 1 240
10 1 241
10 1 242
10 1 243
10 1 244
10 1 245
10 1 246
10 1 247
10 1 248
10 1 249
10 1 250
10 1 251
10 1 252
10 1 253
10 1 254
10 1 255
10 1 256
10 1 257
10 1 258
10 1 259
10 1 260
10 1 261
10 1 262
10 1 263
10 1 264
10 1 265
10 1 266
10 1 267
10 1 268
10 1 269
10 1 270
10 1 271
10 1 272
10 1 273
10 1 274
10 1 275
10 1 276
10 1 277
10 1 278
10 1 279
10 1 280
10 1 281
10 1 282
10 1 283
10 1 284
10 1 285
10 1 286
10 1 287
10 1 288
10 1 289
10 1 290
10 1 291
10 1 292
10 1 293
10 1 294
10 1 295
10 1 296
10 1 297
10 1 298
10 1 299
10 1 300
10 1 301
10 1 302
10 1 303
10 1 304
10 1 305
10 1 306
10 1 307
10 1 308
10 1 309
10 1 310
10 1 311
10 1 312
10 1 313
10 1 314
10 1 315
10 1 316
10 1 317
10 1 318
10 1 319
10 1 320
10 1 321
10 1 322
10 1 323
10 1 324
10 1 325
10 1 326
10 1 327
10 1 328
10 1 329
10 1 330
10 1 331
10 1 332
10 1 333
10 1 334
10 1 335
10 1 336
10 1 337
10 1 338
10 1 339
10 1 340
10 1 341
10 1 342
10 1 343
10 1 344
10 1 345
10 1 346
10 1 347
10 1 348
10 1 349
10 1 350
10 1 351
10 1 352
10 1 353
10 1 354
10 1 355
10 1 356
10 1 357
10 1 358
10 1 359
10 1 360
10 1 361
10 1 362
10 1 363
10 1 364
10 1 365
10 1 366
10 1 367
10 1 368
10 1 369
10 1 370
10 1 371
10 1 372
10 1 373
10 1 374
10 1 375
10 1 376
10 1 377
10 1 378
10 1 379
10 1 380
10 1 381
10 1 382
10 1 383
10 1 384
10 1 385
10 1 386
10 1 387
10 1 388
10 1 389
10 1 390
10 1 391
10 1 392
10 1 393
10 1 394
10 1 395
10 1 396
10 1 397
10 1 398
10 1 399
10 1 400
10 1 401
10 1 402
10 1 403
10 1 404
10 1 405
10 1 406
10 1 407
10 1 408
10 1 409
10 1 410
10 1 411
10 1 412
10 1 413
10 1 414
10 1 415
10 1 416
10 1 417
10 1 418
10 1 419
10 1 420
10 1 421
10 1 422
10 1 423
10 1 424
10 1 425
10 1 426
10 1 427
10 1 428
10 1 429
10 1 430
10 1 431
10 1 432
10 1 433
10 1 434
10 1 435
10 1 436
10 1 437
10 1 438
10 1 439
10 1 440
10 1 441
10 1 442
10 1 443
10 1 444
10 1 445
10 1 446
10 1 447
10 1 448
10 1 449
10 1 450
10 1 451
10 1 452
10 1 453
10 1 454
10 1 455
10 1 456
10 1 457
10 1 458
10 1 459
10 1 460
10 1 461
10 1 462
10 1 463
10 1 464
10 1 465
10 1 466
10 1 467
10 1 468
10 1 469
10 1 470
10 1 471
10 1 472
10 1 473
10 1 474
10 1 475
10 1 476
10 1 477
10 1 478
10 1 479
10 1 480
10 1 481
10 1 482
10 1 483
10 1 484
10 1 485
10 1 486
10 1 487
10 1 488
10 1 489
10 1 490
10 1 491
10 1 492
10 1 493
10 1 494
10 1 495
10 1 496
10 1 497
10 1 498
10 1 499
10 1 500
10 1 501
10 1 502
10 1 503
10 1 504
10 1 505
10 1 506
10 1 507
10 1 508
10 1 509
10 1 510
10 1 511
10 1 512
10 2 1
10 2 2
10 2 3
10 2 4
10 2 5
10 2 6
10 2 7
10 2 8
10 2 9
10 2 10
10 2 11
10 2 12
10 2 13
10 2 14
10 2 15
10 2 16
10 2 17
10 2 18
10 2 19
10 2 20
10 2 21
10 2 22
10 2 23
10 2 24
10 2 25
10 2 26
10 2 27
10 2 28
10 2 29
10 2 30
10 2 31
10 2 32
10 2 33
10 2 34
10 2 35
10 2 36
10 2 37
10 2 38
10 2 39
10 2 40
10 2 41
10 2 42
10 2 43
10 2 44
10 2 45
10 2 46
10 2 47
10 2 48
10 2 49
10 2 50
10 2 51
10 2 52
10 2 53
10 2 54
10 2 55
10 2 56
10 2 57
10 2 58
10 2 59
10 2 60
10 2 61
10 2 62
10 2 63
10 2 64
10 2 65
10 2 66
10 2 67
10 2 68
10 2 69
10 2 70
10 2 71
10 2 72
10 2 73
10 2 74
10 2 75
10 2 76
10 2 77
10 2 78
10 2 79
10 2 80
10 2 81
10 2 82
10 2 83
10 2 84
10 2 85
10 2 86
10 2 87
10 2 88
10 2 89
10 2 90
10 2 91
10 2 92
10 2 93
10 2 94
10 2 95
10 2 96
10 2 97
10 2 98
10 2 99
10 2 100
10 2 101
10 2 102
10 2 103
10 2 104
10 2 105
10 2 106
10 2 107
10 2 108
10 2 109
10 2 110
10 2 111
10 2 112
10 2 113
10 2 114
10 2 115
10 2 116
10 2 117
10 2 118
10 2 119
10 2 120
10 2 121
10 2 122
10 2 123
10 2 124
10 2 125
10 2 126
10 2 127
10 2 128
10 2 129
10 2 130
10 2 131
10 2 132
10 2 133
10 2 134
10 2 135
10 2 136
10 2 137
10 2 138
10 2 139
10 2 140
10 2 141
10 2 142
10 2 143
10 2 144
10 2 145
10 2 146
10 2 147
10 2 148
10 2 149
10 2 150
10 2 151
10 2 152
10 2 153
10 2 154
10 2 155
10 2 156
10 2 157
10 2 158
10 2 159
10 2 160
10 2 161
10 2 162
10 2 163
10 2 164
10 2 165
10 2 166
10 2 167
10 2 168
10 2 169
10 2 170
10 2 171
10 2 172
10 2 173
10 2 174
10 2 175
10 2 176
10 2 177
10 2 178
10 2 179
10 2 180
10 2 181
10 2 182
10 2 183
10 2 184
10 2 185
10 2 186
10 2 187
10 2 188
10 2 189
10 2 190
10 2 191
10 2 192
10 2 193
10 2 194
10 2 195
10 2 196
10 2 197
10 2 198
10 2 199
10 2 200
10 2 201
10 2 202
10 2 203
10 2 204
10 2 205
10 2 206
10 2 207
10 2 208
10 2 209
10 2 210
10 2 211
10 2 212
10 2 213
10 2 214
10 2 215
10 2 216
10 2 217
10 2 218
10 2 219
10 2 220
10 2 221
10 2 222
10 2 223
10 2 224
10 2 225
10 2 226
10 2 227
10 2 228
10 2 229
10 2 230
10 2 231
10 2 232
10 2 233
10 2 234
10 2 235
10 2 236
10 2 237
10 2 238
10 2 239
10 2 240
10 2 241
10 2 242
10 2 243
10 2 244
10 2 245
10 2 246
10 2 247
10 2 248
10 2 249
10 2 250
10 2 251
10 2 252
10 2 253
10 2 254
10 2 255
10 2 256
10 3 1
10 3 2
10 3 3
10 3 4
10 3 5
10 3 6
10 3 7
10 3 8
10 3 9
10 3 10
10 3 11
10 3 12
10 3 13
10 3 14
10 3 15
10 3 16
10 3 17
10 3 18
10 3 19
10 3 20
10 3 21
10 3 22
10 3 23
10 3 24
10 3 25
10 3 26
10 3 27
10 3 28
10 3 29
10 3 30
10 3 31
10 3 32
10 3 33
10 3 34
10 3 35
10 3 36
10 3 37
10 3 38
10 3 39
10 3 40
10 3 41
10 3 42
10 3 43
10 3 44
10 3 45
10 3 46
10 3 47
10 3 48
10 3 49
10 3 50
10 3 51
10 3 52
10 3 53
10 3 54
10 3 55
10 3 56
10 3 57
10 3 58
10 3 59
10 3 60
10 3 61
10 3 62
10 3 63
10 3 64
10 3 65
10 3 66
10 3 67
10 3 68
10 3 69
10 3 70
10 3 71
10 3 72
10 3 73
10 3 74
10 3 75
10 3 76
10 3 77
10 3 78
10 3 79
10 3 80
10 3 81
10 3 82
10 3 83
10 3 84
10 3 85
10 3 86
10 3 87
10 3 88
10 3 89
10 3 90
10 3 91
10 3 92
10 3 93
10 3 94
10 3 95
10 3 96
10 3 97
10 3 98
10 3 99
10 3 100
10 3 101
10 3 102
10 3 103
10 3 104
10 3 105
10 3 106
10 3 107
10 3 108
10 3 109
10 3 110
10 3 111
10 3 112
10 3 113
10 3 114
10 3 115
10 3 116
10 3 117
10 3 118
10 3 119
10 3 120
10 3 121
10 3 122
10 3 123
10 3 124
10 3 125
10 3 126
10 3 127
10 3 128
10 4 1
10 4 2
10 4 3
10 4 4
10 4 5
10 4 6
10 4 7
10 4 8
10 4 9
10 4 10
10 4 11
10 4 12
10 4 13
10 4 14
10 4 15
10 4 16
10 4 17
10 4 18
10 4 19
10 4 20
10 4 21
10 4 22
10 4 23
10 4 24
10 4 25
10 4 26
10 4 27
10 4 28
10 4 29
10 4 30
10 4 31
10 4 32
10 4 33
10 4 34
10 4 35
10 4 36
10 4 37
10 4 38
10 4 39
10 4 40
10 4 41
10 4 42
10 4 43
10 4 44
10 4 45
10 4 46
10 4 47
10 4 48
10 4 49
10 4 50
10 4 51
10 4 52
10 4 53
10 4 54
10 4 55
10 4 56
10 4 57
10 4 58
10 4 59
10 4 60
10 4 61
10 4 62
10 4 63
10 4 64
10 5 1
10 5 2
10 5 3
10 5 4
10 5 5
10 5 6
10 5 7
10 5 8
10 5 9
10 5 10
10 5 11
10 5 12
10 5 13
10 5 14
10 5 15
10 5 16
10 5 17
10 5 18
10 5 19
10 5 20
10 5 21
10 5 22
10 5 23
10 5 24
10 5 25
10 5 26
10 5 27
10 5 28
10 5 29
10 5 30
10 5 31
10 5 32
10 6 1
10 6 2
10 6 3
10 6 4
10 6 5
10 6 6
10 6 7
10 6 8
10 6 9
10 6 10
10 6 11
10 6 12
10 6 13
10 6 14
10 6 15
10 6 16
10 7 1
10 7 2
10 7 3
10 7 4
10 7 5
10 7 6
10 7 7
10 7 8
10 8 1
10 8 2
10 8 3
10 8 4
10 9 1
10 9 2
10 10 1
50 1 1
50 1 2
50 1 3
50 1 4
50 1 5
50 1 6
50 1 7
50 1 8
50 1 9
50 1 10
50 1 11
50 1 12
50 1 13
50 1 14
50 1 15
50 1 16
50 1 17
50 1 18
50 1 19
50 1 20
50 1 21
50 1 22
50 1 23
50 1 24
50 1 25
50 1 26
50 1 27
50 1 28
50 1 29
50 1 30
50 1 31
50 1 32
50 1 33
50 1 34
50 1 35
50 1 36
50 1 37
50 1 38
50 1 39
50 1 40
50 1 41
50 1 42
50 1 43
50 1 44
50 1 45
50 1 46
50 1 47
50 1 48
50 1 49
50 1 50
50 1 51
50 1 52
50 1 53
50 1 54
50 1 55
50 1 56
50 1 57
50 1 58
50 1 59
50 1 60
50 1 61
50 1 62
50 1 63
50 1 64
50 1 65
50 1 66
50 1 67
50 1 68
50 1 69
50 1 70
50 1 71
50 1 72
50 1 73
50 1 74
50 1 75
50 1 76
50 1 77
50 1 78
50 1 79
50 1 80
50 1 81
50 1 82
50 1 83
50 1 84
50 1 85
50 1 86
50 1 87
50 1 88
50 1 89
50 1 90
50 1 91
50 1 92
50 1 93
50 1 94
50 1 95
50 1 96
50 1 97
50 1 98
50 1 99
50 1 100
50 1 101
50 1 102
50 1 103
50 1 104
50 1 105
50 1 106
50 1 107
50 1 108
50 1 109
50 1 110
50 1 111
50 1 112
50 1 113
50 1 114
50 1 115
50 1 116
50 1 117
50 1 118
50 1 119
50 1 120
50 1 121
50 1 122
50 1 123
50 1 124
50 1 125
50 1 126
50 1 127
50 1 128
50 1 129
50 1 130
50 1 131
50 1 132
50 1 133
50 1 134
50 1 135
50 1 136
50 1 137
50 1 138
50 1 139
50 1 140
50 1 141
50 1 142
50 1 143
50 1 144
50 1 145
50 1 146
50 1 147
50 1 148
50 1 149
50 1 150
50 1 151
50 1 152
50 1 153
50 1 154
50 1 155
50 1 156
50 1 157
50 1 158
50 1 159
50 1 160
50 1 161
50 1 162
50 1 163
50 1 164
50 1 165
50 1 166
50 1 167
50 1 168
50 1 169
50 1 170
50 1 171
50 1 172
50 1 173
50 1 174
50 1 175
50 1 176
50 1 177
50 1 178
50 1 179
50 1 180
50 1 181
50 1 182
50 1 183
50 1 184
50 1 185
50 1 186
50 1 187
50 1 188
50 1 189
50 1 190
50 1 191
50 1 192
50 1 193
50 1 194
50 1 195
50 1 196
50 1 197
50 1 198
50 1 199
50 1 200
50 1 201
50 1 202
50 1 203
50 1 204
50 1 205
50 1 206
50 1 207
50 1 208
50 1 209
50 1 210
50 1 211
50 1 212
50 1 213
50 1 214
50 1 215
50 1 216
50 1 217
50 1 218
50 1 219
50 1 220
50 1 221
50 1 222
50 1 223
50 1 224
50 1 225
50 1 226
50 1 227
50 1 228
50 1 229
50 1 230
50 1 231
50 1 232
50 1 233
50 1 234
50 1 235
50 1 236
50 1 237
50 1 238
50 1 239
50 1 240
50 1 241
50 1 242
50 1 243
50 1 244
50 1 245
50 1 246
50 1 247
50 1 248
50 1 249
50 1 250
50 1 251
50 1 252
50 1 253
50 1 254
50 1 255
50 1 256
50 1 257
50 1 258
50 1 259
50 1 260
50 1 261
50 1 262
50 1 263
50 1 264
50 1 265
50 1 266
50 1 267
50 1 268
50 1 269
50 1 270
50 1 271
50 1 272
50 1 273
50 1 274
50 1 275
50 1 276
50 1 277
50 1 278
50 1 279
50 1 280
50 1 281
50 1 282
50 1 283
50 1 284
50 1 285
50 1 286
50 1 287
50 1 288
50 1 289
50 1 290
50 1 291
50 1 292
50 1 293
50 1 294
50 1 295
50 1 296
50 1 297
50 1 298
50 1 299
50 1 300
50 1 301
50 1 302
50 1 303
50 1 304
50 1 305
50 1 306
50 1 307
50 1 308
50 1 309
50 1 310
50 1 311
50 1 312
50 1 313
50 1 314
50 1 315
50 1 316
50 1 317
50 1 318
50 1 319
50 1 320
50 1 321
50 1 322
50 1 323
50 1 324
50 1 325
50 1 326
50 1 327
50 1 328
50 1 329
50 1 330
50 1 331
50 1 332
50 1 333
50 1 334
50 1 335
50 1 336
50 1 337
50 1 338
50 1 339
50 1 340
50 1 341
50 1 342
50 1 343
50 1 344
50 1 345
50 1 346
50 1 347
50 1 348
50 1 349
50 1 350
50 1 351
50 1 352
50 1 353
50 1 354
50 1 355
50 1 356
50 1 357
50 1 358
50 1 359
50 1 360
50 1 361
50 1 362
50 1 363
50 1 364
50 1 365
50 1 366
50 1 367
50 1 368
50 1 369
50 1 370
50 1 371
50 1 372
50 1 373
50 1 374
50 1 375
50 1 376
50 1 377
50 1 378
50 1 379
50 1 380
50 1 381
50 1 382
50 1 383
50 1 384
50 1 385
50 1 386
50 1 387
50 1 388
50 1 389
50 1 390
50 1 391
50 1 392
50 1 393
50 1 394
50 1 395
50 1 396
50 1 397
50 1 398
50 1 399
50 1 400
50 1 401
50 1 402
50 1 403
50 1 404
50 1 405
50 1 406
50 1 407
50 1 408
50 1 409
50 1 410
50 1 411
50 1 412
50 1 413
50 1 414
50 1 415
50 1 416
50 1 417
50 1 418
50 1 419
50 1 420
50 1 421
50 1 422
50 1 423
50 1 424
50 1 425
50 1 426
50 1 427
50 1 428
50 1 429
50 1 430
50 1 431
50 1 432
50 1 433
50 1 434
50 1 435
50 1 436
50 1 437
50 1 438
50 1 439
50 1 440
50 1 441
50 1 442
50 1 443
50 1 444
50 1 445
50 1 446
50 1 447
50 1 448
50 1 449
50 1 450
50 1 451
50 1 452
50 1 453
50 1 454
50 1 455
50 1 456
50 1 457
50 1 458
50 1 459
50 1 460
50 1 461
50 1 462
50 1 463
50 1 464
50 1 465
50 1 466
50 1 467
50 1 468
50 1 469
50 1 470
50 1 471
50 1 472
50 1 473
50 1 474
50 1 475
50 1 476
50 1 477
50 1 478
50 1 479
50 1 480
50 1 481
50 1 482
50 1 483
50 1 484
50 1 485
50 1 486
50 1 487
50 1 488
50 1 489
50 1 490
50 1 491
50 1 492
50 1 493
50 1 494
50 1 495
50 1 496
50 1 497
50 1 498
50 1 499
50 1 500
50 1 501
50 1 502
50 1 503
50 1 504
50 1 505
50 1 506
50 1 507
50 1 508
50 1 509
50 1 510
50 1 511
50 1 512
50 2 1
50 2 2
50 2 3
50 2 4
50 2 5
50 2 6
50 2 7
50 2 8
50 2 9
50 2 10
50 2 11
50 2 12
50 2 13
50 2 14
50 2 15
50 2 16
50 2 17
50 2 18
50 2 19
50 2 20
50 2 21
50 2 22
50 2 23
50 2 24
50 2 25
50 2 26
50 2 27
50 2 28
50 2 29
50 2 30
50 2 31
50 2 32
50 2 33
50 2 34
50 2 35
50 2 36
50 2 37
50 2 38
50 2 39
50 2 40
50 2 41
50 2 42
50 2 43
50 2 44
50 2 45
50 2 46
50 2 47
50 2 48
50 2 49
50 2 50
50 2 51
50 2 52
50 2 53
50 2 54
50 2 55
50 2 56
50 2 57
50 2 58
50 2 59
50 2 60
50 2 61
50 2 62
50 2 63
50 2 64
50 2 65
50 2 66
50 2 67
50 2 68
50 2 69
50 2 70
50 2 71
50 2 72
50 2 73
50 2 74
50 2 75
50 2 76
50 2 77
50 2 78
50 2 79
50 2 80
50 2 81
50 2 82
50 2 83
50 2 84
50 2 85
50 2 86
50 2 87
50 2 88
50 2 89
50 2 90
50 2 91
50 2 92
50 2 93
50 2 94
50 2 95
50 2 96
50 2 97
50 2 98
50 2 99
50 2 100
50 2 101
50 2 102
50 2 103
50 2 104
50 2 105
50 2 106
50 2 107
50 2 108
50 2 109
50 2 110
50 2 111
50 2 112
50 2 113
50 2 114
50 2 115
50 2 116
50 2 117
50 2 118
50 2 119
50 2 120
50 2 121
50 2 122
50 2 123
50 2 124
50 2 125
50 2 126
50 2 127
50 2 128
50 2 129
50 2 130
50 2 131
50 2 132
50 2 133
50 2 134
50 2 135
50 2 136
50 2 137
50 2 138
50 2 139
50 2 140
50 2 141
50 2 142
50 2 143
50 2 144
50 2 145
50 2 146
50 2 147
50 2 148
50 2 149
50 2 150
50 2 151
50 2 152
50 2 153
50 2 154
50 2 155
50 2 156
50 2 157
50 2 158
50 2 159
50 2 160
50 2 161
50 2 162
50 2 163
50 2 164
50 2 165
50 2 166
50 2 167
50 2 168
50 2 169
50 2 170
50 2 171
50 2 172
50 2 173
50 2 174
50 2 175
50 2 176
50 2 177
50 2 178
50 2 179
50 2 180
50 2 181
50 2 182
50 2 183
50 2 184
50 2 185
50 2 186
50 2 187
50 2 188
50 2 189
50 2 190
50 2 191
50 2 192
50 2 193
50 2 194
50 2 195
50 2 196
50 2 197
50 2 198
50 2 199
50 2 200
50 2 201
50 2 202
50 2 203
50 2 204
50 2 205
50 2 206
50 2 207
50 2 208
50 2 209
50 2 210
50 2 211
50 2 212
50 2 213
50 2 214
50 2 215
50 2 216
50 2 217
50 2 218
50 2 219
50 2 220
50 2 221
50 2 222
50 2 223
50 2 224
50 2 225
50 2 226
50 2 227
50 2 228
50 2 229
50 2 230
50 2 231
50 2 232
50 2 233
50 2 234
50 2 235
50 2 236
50 2 237
50 2 238
50 2 239
50 2 240
50 2 241
50 2 242
50 2 243
50 2 244
50 2 245
50 2 246
50 2 247
50 2 248
50 2 249
50 2 250
50 2 251
50 2 252
50 2 253
50 2 254
50 2 255
50 2 256
50 3 1
50 3 2
50 3 3
50 3 4
50 3 5
50 3 6
50 3 7
50 3 8
50 3 9
50 3 10
50 3 11
50 3 12
50 3 13
50 3 14
50 3 15
50 3 16
50 3 17
50 3 18
50 3 19
50 3 20
50 3 21
50 3 22
50 3 23
50 3 24
50 3 25
50 3 26
50 3 27
50 3 28
50 3 29
50 3 30
50 3 31
50 3 32
50 3 33
50 3 34
50 3 35
50 3 36
50 3 37
50 3 38
50 3 39
50 3 40
50 3 41
50 3 42
50 3 43
50 3 44
50 3 45
50 3 46
50 3 47
50 3 48
50 3 49
50 3 50
50 3 51
50 3 52
50 3 53
50 3 54
50 3 55
50 3 56
50 3 57
50 3 58
50 3 59
50 3 60
50 3 61
50 3 62
50 3 63
50 3 64
50 3 65
50 3 66
50 3 67
50 3 68
50 3 69
50 3 70
50 3 71
50 3 72
50 3 73
50 3 74
50 3 75
50 3 76
50 3 77
50 3 78
50 3 79
50 3 80
50 3 81
50 3 82
50 3 83
50 3 84
50 3 85
50 3 86
50 3 87
50 3 88
50 3 89
50 3 90
50 3 91
50 3 92
50 3 93
50 3 94
50 3 95
50 3 96
50 3 97
50 3 98
50 3 99
50 3 100
50 3 101
50 3 102
50 3 103
50 3 104
50 3 105
50 3 106
50 3 107
50 3 108
50 3 109
50 3 110
50 3 111
50 3 112
50 3 113
50 3 114
50 3 115
50 3 116
50 3 117
50 3 118
50 3 119
50 3 120
50 3 121
50 3 122
50 3 123
50 3 124
50 3 125
50 3 126
50 3 127
50 3 128
50 4 1
50 4 2
50 4 3
50 4 4
50 4 5
50 4 6
50 4 7
50 4 8
50 4 9
50 4 10
50 4 11
50 4 12
50 4 13
50 4 14
50 4 15
50 4 16
50 4 17
50 4 18
50 4 19
50 4 20
50 4 21
50 4 22
50 4 23
50 4 24
50 4 25
50 4 26
50 4 27
50 4 28
50 4 29
50 4 30
50 4 31
50 4 32
50 4 33
50 4 34
50 4 35
50 4 36
50 4 37
50 4 38
50 4 39
50 4 40
50 4 41
50 4 42
50 4 43
50 4 44
50 4 45
50 4 46
50 4 47
50 4 48
50 4 49
50 4 50
50 4 51
50 4 52
50 4 53
50 4 54
50 4 55
50 4 56
50 4 57
50 4 58
50 4 59
50 4 60
50 4 61
50 4 62
50 4 63
50 4 64
50 5 1
50 5 2
50 5 3
50 5 4
50 5 5
50 5 6
50 5 7
50 5 8
50 5 9
50 5 10
50 5 11
50 5 12
50 5 13
50 5 14
50 5 15
50 5 16
50 5 17
50 5 18
50 5 19
50 5 20
50 5 21
50 5 22
50 5 23
50 5 24
50 5 25
50 5 26
50 5 27
50 5 28
50 5 29
50 5 30
50 5 31
50 5 32
50 6 1
50 6 2
50 6 3
50 6 4
50 6 5
50 6 6
50 6 7
50 6 8
50 6 9
50 6 10
50 6 11
50 6 12
50 6 13
50 6 14
50 6 15
50 6 16
50 7 1
50 7 2
50 7 3
50 7 4
50 7 5
50 7 6
50 7 7
50 7 8
50 8 1
50 8 2
50 8 3
50 8 4
50 9 1
50 9 2
50 10 1
100 1 1
100 1 2
100 1 3
100 1 4
100 1 5
100 1 6
100 1 7
100 1 8
100 1 9
100 1 10
100 1 11
100 1 12
100 1 13
100 1 14
100 1 15
100 1 16
100 1 17
100 1 18
100 1 19
100 1 20
100 1 21
100 1 22
100 1 23
100 1 24
100 1 25
100 1 26
100 1 27
100 1 28
100 1 29
100 1 30
100 1 31
100 1 32
100 1 33
100 1 34
100 1 35
100 1 36
100 1 37
100 1 38
100 1 39
100 1 40
100 1 41
100 1 42
100 1 43
100 1 44
100 1 45
100 1 46
100 1 47
100 1 48
100 1 49
100 1 50
100 1 51
100 1 52
100 1 53
100 1 54
100 1 55
100 1 56
100 1 57
100 1 58
100 1 59
100 1 60
100 1 61
100 1 62
100 1 63
100 1 64
100 1 65
100 1 66
100 1 67
100 1 68
100 1 69
100 1 70
100 1 71
100 1 72
100 1 73
100 1 74
100 1 75
100 1 76
100 1 77
100 1 78
100 1 79
100 1 80
100 1 81
100 1 82
100 1 83
100 1 84
100 1 85
100 1 86
100 1 87
100 1 88
100 1 89
100 1 90
100 1 91
100 1 92
100 1 93
100 1 94
100 1 95
100 1 96
100 1 97
100 1 98
100 1 99
100 1 100
100 1 101
100 1 102
100 1 103
100 1 104
100 1 105
100 1 106
100 1 107
100 1 108
100 1 109
100 1 110
100 1 111
100 1 112
100 1 113
100 1 114
100 1 115
100 1 116
100 1 117
100 1 118
100 1 119
100 1 120
100 1 121
100 1 122
100 1 123
100 1 124
100 1 125
100 1 126
100 1 127
100 1 128
100 1 129
100 1 130
100 1 131
100 1 132
100 1 133
100 1 134
100 1 135
100 1 136
100 1 137
100 1 138
100 1 139
100 1 140
100 1 141
100 1 142
100 1 143
100 1 144
100 1 145
100 1 146
100 1 147
100 1 148
100 1 149
100 1 150
100 1 151
100 1 152
100 1 153
100 1 154
100 1 155
100 1 156
100 1 157
100 1 158
100 1 159
100 1 160
100 1 161
100 1 162
100 1 163
100 1 164
100 1 165
100 1 166
100 1 167
100 1 168
100 1 169
100 1 170
100 1 171
100 1 172
100 1 173
100 1 174
100 1 175
100 1 176
100 1 177
100 1 178
100 1 179
100 1 180
100 1 181
100 1 182
100 1 183
100 1 184
100 1 185
100 1 186
100 1 187
100 1 188
100 1 189
100 1 190
100 1 191
100 1 192
100 1 193
100 1 194
100 1 195
100 1 196
100 1 197
100 1 198
100 1 199
100 1 200
100 1 201
100 1 202
100 1 203
100 1 204
100 1 205
100 1 206
100 1 207
100 1 208
100 1 209
100 1 210
100 1 211
100 1 212
100 1 213
100 1 214
100 1 215
100 1 216
100 1 217
100 1 218
100 1 219
100 1 220
100 1 221
100 1 222
100 1 223
100 1 224
100 1 225
100 1 226
100 1 227
100 1 228
100 1 229
100 1 230
100 1 231
100 1 232
100 1 233
100 1 234
100 1 235
100 1 236
100 1 237
100 1 238
100 1 239
100 1 240
100 1 241
100 1 242
100 1 243
100 1 244
100 1 245
100 1 246
100 1 247
100 1 248
100 1 249
100 1 250
100 1 251
100 1 252
100 1 253
100 1 254
100 1 255
100 1 256
100 1 257
100 1 258
100 1 259
100 1 260
100 1 261
100 1 262
100 1 263
100 1 264
100 1 265
100 1 266
100 1 267
100 1 268
100 1 269
100 1 270
100 1 271
100 1 272
100 1 273
100 1 274
100 1 275
100 1 276
100 1 277
100 1 278
100 1 279
100 1 280
100 1 281
100 1 282
100 1 283
100 1 284
100 1 285
100 1 286
100 1 287
100 1 288
100 1 289
100 1 290
100 1 291
100 1 292
100 1 293
100 1 294
100 1 295
100 1 296
100 1 297
100 1 298
100 1 299
100 1 300
100 1 301
100 1 302
100 1 303
100 1 304
100 1 305
100 1 306
100 1 307
100 1 308
100 1 309
100 1 310
100 1 311
100 1 312
100 1 313
100 1 314
100 1 315
100 1 316
100 1 317
100 1 318
100 1 319
100 1 320
100 1 321
100 1 322
100 1 323
100 1 324
100 1 325
100 1 326
100 1 327
100 1 328
100 1 329
100 1 330
100 1 331
100 1 332
100 1 333
100 1 334
100 1 335
100 1 336
100 1 337
100 1 338
100 1 339
100 1 340
100 1 341
100 1 342
100 1 343
100 1 344
100 1 345
100 1 346
100 1 347
100 1 348
100 1 349
100 1 350
100 1 351
100 1 352
100 1 353
100 1 354
100 1 355
100 1 356
100 1 357
100 1 358
100 1 359
100 1 360
100 1 361
100 1 362
100 1 363
100 1 364
100 1 365
100 1 366
100 1 367
100 1 368
100 1 369
100 1 370
100 1 371
100 1 372
100 1 373
100 1 374
100 1 375
100 1 376
100 1 377
100 1 378
100 1 379
100 1 380
100 1 381
100 1 382
100 1 383
100 1 384
100 1 385
100 1 386
100 1 387
100 1 388
100 1 389
100 1 390
100 1 391
100 1 392
100 1 393
100 1 394
100 1 395
100 1 396
100 1 397
100 1 398
100 1 399
100 1 400
100 1 401
100 1 402
100 1 403
100 1 404
100 1 405
100 1 406
100 1 407
100 1 408
100 1 409
100 1 410
100 1 411
100 1 412
100 1 413
100 1 414
100 1 415
100 1 416
100 1 417
100 1 418
100 1 419
100 1 420
100 1 421
100 1 422
100 1 423
100 1 424
100 1 425
100 1 426
100 1 427
100 1 428
100 1 429
100 1 430
100 1 431
100 1 432
100 1 433
100 1 434
100 1 435
100 1 436
100 1 437
100 1 438
100 1 439
100 1 440
100 1 441
100 1 442
100 1 443
100 1 444
100 1 445
100 1 446
100 1 447
100 1 448
100 1 449
100 1 450
100 1 451
100 1 452
100 1 453
100 1 454
100 1 455
100 1 456
100 1 457
100 1 458
100 1 459
100 1 460
100 1 461
100 1 462
100 1 463
100 1 464
100 1 465
100 1 466
100 1 467
100 1 468
100 1 469
100 1 470
100 1 471
100 1 472
100 1 473
100 1 474
100 1 475
100 1 476
100 1 477
100 1 478
100 1 479
100 1 480
100 1 481
100 1 482
100 1 483
100 1 484
100 1 485
100 1 486
100 1 487
100 1 488
100 1 489
100 1 490
100 1 491
100 1 492
100 1 493
100 1 494
100 1 495
100 1 496
100 1 497
100 1 498
100 1 499
100 1 500
100 1 501
100 1 502
100 1 503
100 1 504
100 1 505
100 1 506
100 1 507
100 1 508
100 1 509
100 1 510
100 1 511
100 1 512
100 2 1
100 2 2
100 2 3
100 2 4
100 2 5
100 2 6
100 2 7
100 2 8
100 2 9
100 2 10
100 2 11
100 2 12
100 2 13
100 2 14
100 2 15
100 2 16
100 2 17
100 2 18
100 2 19
100 2 20
100 2 21
100 2 22
100 2 23
100 2 24
100 2 25
100 2 26
100 2 27
100 2 28
100 2 29
100 2 30
100 2 31
100 2 32
100 2 33
100 2 34
100 2 35
100 2 36
100 2 37
100 2 38
100 2 39
100 2 40
100 2 41
100 2 42
100 2 43
100 2 44
100 2 45
100 2 46
100 2 47
100 2 48
100 2 49
100 2 50
100 2 51
100 2 52
100 2 53
100 2 54
100 2 55
100 2 56
100 2 57
100 2 58
100 2 59
100 2 60
100 2 61
100 2 62
100 2 63
100 2 64
100 2 65
100 2 66
100 2 67
100 2 68
100 2 69
100 2 70
100 2 71
100 2 72
100 2 73
100 2 74
100 2 75
100 2 76
100 2 77
100 2 78
100 2 79
100 2 80
100 2 81
100 2 82
100 2 83
100 2 84
100 2 85
100 2 86
100 2 87
100 2 88
100 2 89
100 2 90
100 2 91
100 2 92
100 2 93
100 2 94
100 2 95
100 2 96
100 2 97
100 2 98
100 2 99
100 2 100
100 2 101
100 2 102
100 2 103
100 2 104
100 2 105
100 2 106
100 2 107
100 2 108
100 2 109
100 2 110
100 2 111
100 2 112
100 2 113
100 2 114
100 2 115
100 2 116
100 2 117
100 2 118
100 2 119
100 2 120
100 2 121
100 2 122
100 2 123
100 2 124
100 2 125
100 2 126
100 2 127
100 2 128
100 2 129
100 2 130
100 2 131
100 2 132
100 2 133
100 2 134
100 2 135
100 2 136
100 2 137
100 2 138
100 2 139
100 2 140
100 2 141
100 2 142
100 2 143
100 2 144
100 2 145
100 2 146
100 2 147
100 2 148
100 2 149
100 2 150
100 2 151
100 2 152
100 2 153
100 2 154
100 2 155
100 2 156
100 2 157
100 2 158
100 2 159
100 2 160
100 2 161
100 2 162
100 2 163
100 2 164
100 2 165
100 2 166
100 2 167
100 2 168
100 2 169
100 2 170
100 2 171
100 2 172
100 2 173
100 2 174
100 2 175
100 2 176
100 2 177
100 2 178
100 2 179
100 2 180
100 2 181
100 2 182
100 2 183
100 2 184
100 2 185
100 2 186
100 2 187
100 2 188
100 2 189
100 2 190
100 2 191
100 2 192
100 2 193
100 2 194
100 2 195
100 2 196
100 2 197
100 2 198
100 2 199
100 2 200
100 2 201
100 2 202
100 2 203
100 2 204
100 2 205
100 2 206
100 2 207
100 2 208
100 2 209
100 2 210
100 2 211
100 2 212
100 2 213
100 2 214
100 2 215
100 2 216
100 2 217
100 2 218
100 2 219
100 2 220
100 2 221
100 2 222
100 2 223
100 2 224
100 2 225
100 2 226
100 2 227
100 2 228
100 2 229
100 2 230
100 2 231
100 2 232
100 2 233
100 2 234
100 2 235
100 2 236
100 2 237
100 2 238
100 2 239
100 2 240
100 2 241
100 2 242
100 2 243
100 2 244
100 2 245
100 2 246
100 2 247
100 2 248
100 2 249
100 2 250
100 2 251
100 2 252
100 2 253
100 2 254
100 2 255
100 2 256
100 3 1
100 3 2
100 3 3
100 3 4
100 3 5
100 3 6
100 3 7
100 3 8
100 3 9
100 3 10
100 3 11
100 3 12
100 3 13
100 3 14
100 3 15
100 3 16
100 3 17
100 3 18
100 3 19
100 3 20
100 3 21
100 3 22
100 3 23
100 3 24
100 3 25
100 3 26
100 3 27
100 3 28
100 3 29
100 3 30
100 3 31
100 3 32
100 3 33
100 3 34
100 3 35
100 3 36
100 3 37
100 3 38
100 3 39
100 3 40
100 3 41
100 3 42
100 3 43
100 3 44
100 3 45
100 3 46
100 3 47
100 3 48
100 3 49
100 3 50
100 3 51
100 3 52
100 3 53
100 3 54
100 3 55
100 3 56
100 3 57
100 3 58
100 3 59
100 3 60
100 3 61
100 3 62
100 3 63
100 3 64
100 3 65
100 3 66
100 3 67
100 3 68
100 3 69
100 3 70
100 3 71
100 3 72
100 3 73
100 3 74
100 3 75
100 3 76
100 3 77
100 3 78
100 3 79
100 3 80
100 3 81
100 3 82
100 3 83
100 3 84
100 3 85
100 3 86
100 3 87
100 3 88
100 3 89
100 3 90
100 3 91
100 3 92
100 3 93
100 3 94
100 3 95
100 3 96
100 3 97
100 3 98
100 3 99
100 3 100
100 3 101
100 3 102
100 3 103
100 3 104
100 3 105
100 3 106
100 3 107
100 3 108
100 3 109
100 3 110
100 3 111
100 3 112
100 3 113
100 3 114
100 3 115
100 3 116
100 3 117
100 3 118
100 3 119
100 3 120
100 3 121
100 3 122
100 3 123
100 3 124
100 3 125
100 3 126
100 3 127
100 3 128
100 4 1
100 4 2
100 4 3
100 4 4
100 4 5
100 4 6
100 4 7
100 4 8
100 4 9
100 4 10
100 4 11
100 4 12
100 4 13
100 4 14
100 4 15
100 4 16
100 4 17
100 4 18
100 4 19
100 4 20
100 4 21
100 4 22
100 4 23
100 4 24
100 4 25
100 4 26
100 4 27
100 4 28
100 4 29
100 4 30
100 4 31
100 4 32
100 4 33
100 4 34
100 4 35
100 4 36
100 4 37
100 4 38
100 4 39
100 4 40
100 4 41
100 4 42
100 4 43
100 4 44
100 4 45
100 4 46
100 4 47
100 4 48
100 4 49
100 4 50
100 4 51
100 4 52
100 4 53
100 4 54
100 4 55
100 4 56
100 4 57
100 4 58
100 4 59
100 4 60
100 4 61
100 4 62
100 4 63
100 4 64
100 5 1
100 5 2
100 5 3
100 5 4
100 5 5
100 5 6
100 5 7
100 5 8
100 5 9
100 5 10
100 5 11
100 5 12
100 5 13
100 5 14
100 5 15
100 5 16
100 5 17
100 5 18
100 5 19
100 5 20
100 5 21
100 5 22
100 5 23
100 5 24
100 5 25
100 5 26
100 5 27
100 5 28
100 5 29
100 5 30
100 5 31
100 5 32
100 6 1
100 6 2
100 6 3
100 6 4
100 6 5
100 6 6
100 6 7
100 6 8
100 6 9
100 6 10
100 6 11
100 6 12
100 6 13
100 6 14
100 6 15
100 6 16
100 7 1
100 7 2
100 7 3
100 7 4
100 7 5
100 7 6
100 7 7
100 7 8
100 8 1
100 8 2
100 8 3
100 8 4
100 9 1
100 9 2
100 10 1
500 1 1
500 1 2
500 1 3
500 1 4
500 1 5
500 1 6
500 1 7
500 1 8
500 1 9
500 1 10
500 1 11
500 1 12
500 1 13
500 1 14
500 1 15
500 1 16
500 1 17
500 1 18
500 1 19
500 1 20
500 1 21
500 1 22
500 1 23
500 1 24
500 1 25
500 1 26
500 1 27
500 1 28
500 1 29
500 1 30
500 1 31
500 1 32
500 1 33
500 1 34
500 1 35
500 1 36
500 1 37
500 1 38
500 1 39
500 1 40
500 1 41
500 1 42
500 1 43
500 1 44
500 1 45
500 1 46
500 1 47
500 1 48
500 1 49
500 1 50
500 1 51
500 1 52
500 1 53
500 1 54
500 1 55
500 1 56
500 1 57
500 1 58
500 1 59
500 1 60
500 1 61
500 1 62
500 1 63
500 1 64
500 1 65
500 1 66
500 1 67
500 1 68
500 1 69
500 1 70
500 1 71
500 1 72
500 1 73
500 1 74
500 1 75
500 1 76
500 1 77
500 1 78
500 1 79
500 1 80
500 1 81
500 1 82
500 1 83
500 1 84
500 1 85
500 1 86
500 1 87
500 1 88
500 1 89
500 1 90
500 1 91
500 1 92
500 1 93
500 1 94
500 1 95
500 1 96
500 1 97
500 1 98
500 1 99
500 1 100
500 1 101
500 1 102
500 1 103
500 1 104
500 1 105
500 1 106
500 1 107
500 1 108
500 1 109
500 1 110
500 1 111
500 1 112
500 1 113
500 1 114
500 1 115
500 1 116
500 1 117
500 1 118
500 1 119
500 1 120
500 1 121
500 1 122
500 1 123
500 1 124
500 1 125
500 1 126
500 1 127
500 1 128
500 1 129
500 1 130
500 1 131
500 1 132
500 1 133
500 1 134
500 1 135
500 1 136
500 1 137
500 1 138
500 1 139
500 1 140
500 1 141
500 1 142
500 1 143
500 1 144
500 1 145
500 1 146
500 1 147
500 1 148
500 1 149
500 1 150
500 1 151
500 1 152
500 1 153
500 1 154
500 1 155
500 1 156
500 1 157
500 1 158
500 1 159
500 1 160
500 1 161
500 1 162
500 1 163
500 1 164
500 1 165
500 1 166
500 1 167
500 1 168
500 1 169
500 1 170
500 1 171
500 1 172
500 1 173
500 1 174
500 1 175
500 1 176
500 1 177
500 1 178
500 1 179
500 1 180
500 1 181
500 1 182
500 1 183
500 1 184
500 1 185
500 1 186
500 1 187
500 1 188
500 1 189
500 1 190
500 1 191
500 1 192
500 1 193
500 1 194
500 1 195
500 1 196
500 1 197
500 1 198
500 1 199
500 1 200
500 1 201
500 1 202
500 1 203
500 1 204
500 1 205
500 1 206
500 1 207
500 1 208
500 1 209
500 1 210
500 1 211
500 1 212
500 1 213
500 1 214
500 1 215
500 1 216
500 1 217
500 1 218
500 1 219
500 1 220
500 1 221
500 1 222
500 1 223
500 1 224
500 1 225
500 1 226
500 1 227
500 1 228
500 1 229
500 1 230
500 1 231
500 1 232
500 1 233
500 1 234
500 1 235
500 1 236
500 1 237
500 1 238
500 1 239
500 1 240
500 1 241
500 1 242
500 1 243
500 1 244
500 1 245
500 1 246
500 1 247
500 1 248
500 1 249
500 1 250
500 1 251
500 1 252
500 1 253
500 1 254
500 1 255
500 1 256
500 1 257
500 1 258
500 1 259
500 1 260
500 1 261
500 1 262
500 1 263
500 1 264
500 1 265
500 1 266
500 1 267
500 1 268
500 1 269
500 1 270
500 1 271
500 1 272
500 1 273
500 1 274
500 1 275
500 1 276
500 1 277
500 1 278
500 1 279
500 1 280
500 1 281
500 1 282
500 1 283
500 1 284
500 1 285
500 1 286
500 1 287
500 1 288
500 1 289
500 1 290
500 1 291
500 1 292
500 1 293
500 1 294
500 1 295
500 1 296
500 1 297
500 1 298
500 1 299
500 1 300
500 1 301
500 1 302
500 1 303
500 1 304
500 1 305
500 1 306
500 1 307
500 1 308
500 1 309
500 1 310
500 1 311
500 1 312
500 1 313
500 1 314
500 1 315
500 1 316
500 1 317
500 1 318
500 1 319
500 1 320
500 1 321
500 1 322
500 1 323
500 1 324
500 1 325
500 1 326
500 1 327
500 1 328
500 1 329
500 1 330
500 1 331
500 1 332
500 1 333
500 1 334
500 1 335
500 1 336
500 1 337
500 1 338
500 1 339
500 1 340
500 1 341
500 1 342
500 1 343
500 1 344
500 1 345
500 1 346
500 1 347
500 1 348
500 1 349
500 1 350
500 1 351
500 1 352
500 1 353
500 1 354
500 1 355
500 1 356
500 1 357
500 1 358
500 1 359
500 1 360
500 1 361
500 1 362
500 1 363
500 1 364
500 1 365
500 1 366
500 1 367
500 1 368
500 1 369
500 1 370
500 1 371
500 1 372
500 1 373
500 1 374
500 1 375
500 1 376
500 1 377
500 1 378
500 1 379
500 1 380
500 1 381
500 1 382
500 1 383
500 1 384
500 1 385
500 1 386
500 1 387
500 1 388
500 1 389
500 1 390
500 1 391
500 1 392
500 1 393
500 1 394
500 1 395
500 1 396
500 1 397
500 1 398
500 1 399
500 1 400
500 1 401
500 1 402
500 1 403
500 1 404
500 1 405
500 1 406
500 1 407
500 1 408
500 1 409
500 1 410
500 1 411
500 1 412
500 1 413
500 1 414
500 1 415
500 1 416
500 1 417
500 1 418
500 1 419
500 1 420
500 1 421
500 1 422
500 1 423
500 1 424
500 1 425
500 1 426
500 1 427
500 1 428
500 1 429
500 1 430
500 1 431
500 1 432
500 1 433
500 1 434
500 1 435
500 1 436
500 1 437
500 1 438
500 1 439
500 1 440
500 1 441
500 1 442
500 1 443
500 1 444
500 1 445
500 1 446
500 1 447
500 1 448
500 1 449
500 1 450
500 1 451
500 1 452
500 1 453
500 1 454
500 1 455
500 1 456
500 1 457
500 1 458
500 1 459
500 1 460
500 1 461
500 1 462
500 1 463
500 1 464
500 1 465
500 1 466
500 1 467
500 1 468
500 1 469
500 1 470
500 1 471
500 1 472
500 1 473
500 1 474
500 1 475
500 1 476
500 1 477
500 1 478
500 1 479
500 1 480
500 1 481
500 1 482
500 1 483
500 1 484
500 1 485
500 1 486
500 1 487
500 1 488
500 1 489
500 1 490
500 1 491
500 1 492
500 1 493
500 1 494
500 1 495
500 1 496
500 1 497
500 1 498
500 1 499
500 1 500
500 1 501
500 1 502
500 1 503
500 1 504
500 1 505
500 1 506
500 1 507
500 1 508
500 1 509
500 1 510
500 1 511
500 1 512
500 2 1
500 2 2
500 2 3
500 2 4
500 2 5
500 2 6
500 2 7
500 2 8
500 2 9
500 2 10
500 2 11
500 2 12
500 2 13
500 2 14
500 2 15
500 2 16
500 2 17
500 2 18
500 2 19
500 2 20
500 2 21
500 2 22
500 2 23
500 2 24
500 2 25
500 2 26
500 2 27
500 2 28
500 2 29
500 2 30
500 2 31
500 2 32
500 2 33
500 2 34
500 2 35
500 2 36
500 2 37
500 2 38
500 2 39
500 2 40
500 2 41
500 2 42
500 2 43
500 2 44
500 2 45
500 2 46
500 2 47
500 2 48
500 2 49
500 2 50
500 2 51
500 2 52
500 2 53
500 2 54
500 2 55
500 2 56
500 2 57
500 2 58
500 2 59
500 2 60
500 2 61
500 2 62
500 2 63
500 2 64
500 2 65
500 2 66
500 2 67
500 2 68
500 2 69
500 2 70
500 2 71
500 2 72
500 2 73
500 2 74
500 2 75
500 2 76
500 2 77
500 2 78
500 2 79
500 2 80
500 2 81
500 2 82
500 2 83
500 2 84
500 2 85
500 2 86
500 2 87
500 2 88
500 2 89
500 2 90
500 2 91
500 2 92
500 2 93
500 2 94
500 2 95
500 2 96
500 2 97
500 2 98
500 2 99
500 2 100
500 2 101
500 2 102
500 2 103
500 2 104
500 2 105
500 2 106
500 2 107
500 2 108
500 2 109
500 2 110
500 2 111
500 2 112
500 2 113
500 2 114
500 2 115
500 2 116
500 2 117
500 2 118
500 2 119
500 2 120
500 2 121
500 2 122
500 2 123
500 2 124
500 2 125
500 2 126
500 2 127
500 2 128
500 2 129
500 2 130
500 2 131
500 2 132
500 2 133
500 2 134
500 2 135
500 2 136
500 2 137
500 2 138
500 2 139
500 2 140
500 2 141
500 2 142
500 2 143
500 2 144
500 2 145
500 2 146
500 2 147
500 2 148
500 2 149
500 2 150
500 2 151
500 2 152
500 2 153
500 2 154
500 2 155
500 2 156
500 2 157
500 2 158
500 2 159
500 2 160
500 2 161
500 2 162
500 2 163
500 2 164
500 2 165
500 2 166
500 2 167
500 2 168
500 2 169
500 2 170
500 2 171
500 2 172
500 2 173
500 2 174
500 2 175
500 2 176
500 2 177
500 2 178
500 2 179
500 2 180
500 2 181
500 2 182
500 2 183
500 2 184
500 2 185
500 2 186
500 2 187
500 2 188
500 2 189
500 2 190
500 2 191
500 2 192
500 2 193
500 2 194
500 2 195
500 2 196
500 2 197
500 2 198
500 2 199
500 2 200
500 2 201
500 2 202
500 2 203
500 2 204
500 2 205
500 2 206
500 2 207
500 2 208
500 2 209
500 2 210
500 2 211
500 2 212
500 2 213
500 2 214
500 2 215
500 2 216
500 2 217
500 2 218
500 2 219
500 2 220
500 2 221
500 2 222
500 2 223
500 2 224
500 2 225
500 2 226
500 2 227
500 2 228
500 2 229
500 2 230
500 2 231
500 2 232
500 2 233
500 2 234
500 2 235
500 2 236
500 2 237
500 2 238
500 2 239
500 2 240
500 2 241
500 2 242
500 2 243
500 2 244
500 2 245
500 2 246
500 2 247
500 2 248
500 2 249
500 2 250
500 2 251
500 2 252
500 2 253
500 2 254
500 2 255
500 2 256
500 3 1
500 3 2
500 3 3
500 3 4
500 3 5
500 3 6
500 3 7
500 3 8
500 3 9
500 3 10
500 3 11
500 3 12
500 3 13
500 3 14
500 3 15
500 3 16
500 3 17
500 3 18
500 3 19
500 3 20
500 3 21
500 3 22
500 3 23
500 3 24
500 3 25
500 3 26
500 3 27
500 3 28
500 3 29
500 3 30
500 3 31
500 3 32
500 3 33
500 3 34
500 3 35
500 3 36
500 3 37
500 3 38
500 3 39
500 3 40
500 3 41
500 3 42
500 3 43
500 3 44
500 3 45
500 3 46
500 3 47
500 3 48
500 3 49
500 3 50
500 3 51
500 3 52
500 3 53
500 3 54
500 3 55
500 3 56
500 3 57
500 3 58
500 3 59
500 3 60
500 3 61
500 3 62
500 3 63
500 3 64
500 3 65
500 3 66
500 3 67
500 3 68
500 3 69
500 3 70
500 3 71
500 3 72
500 3 73
500 3 74
500 3 75
500 3 76
500 3 77
500 3 78
500 3 79
500 3 80
500 3 81
500 3 82
500 3 83
500 3 84
500 3 85
500 3 86
500 3 87
500 3 88
500 3 89
500 3 90
500 3 91
500 3 92
500 3 93
500 3 94
500 3 95
500 3 96
500 3 97
500 3 98
500 3 99
500 3 100
500 3 101
500 3 102
500 3 103
500 3 104
500 3 105
500 3 106
500 3 107
500 3 108
500 3 109
500 3 110
500 3 111
500 3 112
500 3 113
500 3 114
500 3 115
500 3 116
500 3 117
500 3 118
500 3 119
500 3 120
500 3 121
500 3 122
500 3 123
500 3 124
500 3 125
500 3 126
500 3 127
500 3 128
500 4 1
500 4 2
500 4 3
500 4 4
500 4 5
500 4 6
500 4 7
500 4 8
500 4 9
500 4 10
500 4 11
500 4 12
500 4 13
500 4 14
500 4 15
500 4 16
500 4 17
500 4 18
500 4 19
500 4 20
500 4 21
500 4 22
500 4 23
500 4 24
500 4 25
500 4 26
500 4 27
500 4 28
500 4 29
500 4 30
500 4 31
500 4 32
500 4 33
500 4 34
500 4 35
500 4 36
500 4 37
500 4 38
500 4 39
500 4 40
500 4 41
500 4 42
500 4 43
500 4 44
500 4 45
500 4 46
500 4 47
500 4 48
500 4 49
500 4 50
500 4 51
500 4 52
500 4 53
500 4 54
500 4 55
500 4 56
500 4 57
500 4 58
500 4 59
500 4 60
500 4 61
500 4 62
500 4 63
500 4 64
500 5 1
500 5 2
500 5 3
500 5 4
500 5 5
500 5 6
500 5 7
500 5 8
500 5 9
500 5 10
500 5 11
500 5 12
500 5 13
500 5 14
500 5 15
500 5 16
500 5 17
500 5 18
500 5 19
500 5 20
500 5 21
500 5 22
500 5 23
500 5 24
500 5 25
500 5 26
500 5 27
500 5 28
500 5 29
500 5 30
500 5 31
500 5 32
500 6 1
500 6 2
500 6 3
500 6 4
500 6 5
500 6 6
500 6 7
500 6 8
500 6 9
500 6 10
500 6 11
500 6 12
500 6 13
500 6 14
500 6 15
500 6 16
500 7 1
500 7 2
500 7 3
500 7 4
500 7 5
500 7 6
500 7 7
500 7 8
500 8 1
500 8 2
500 8 3
500 8 4
500 9 1
500 9 2
500 10 1
1000 1 1
1000 1 2
1000 1 3
1000 1 4
1000 1 5
1000 1 6
1000 1 7
1000 1 8
1000 1 9
1000 1 10
1000 1 11
1000 1 12
1000 1 13
1000 1 14
1000 1 15
1000 1 16
1000 1 17
1000 1 18
1000 1 19
1000 1 20
1000 1 21
1000 1 22
1000 1 23
1000 1 24
1000 1 25
1000 1 26
1000 1 27
1000 1 28
1000 1 29
1000 1 30
1000 1 31
1000 1 32
1000 1 33
1000 1 34
1000 1 35
1000 1 36
1000 1 37
1000 1 38
1000 1 39
1000 1 40
1000 1 41
1000 1 42
1000 1 43
1000 1 44
1000 1 45
1000 1 46
1000 1 47
1000 1 48
1000 1 49
1000 1 50
1000 1 51
1000 1 52
1000 1 53
1000 1 54
1000 1 55
1000 1 56
1000 1 57
1000 1 58
1000 1 59
1000 1 60
1000 1 61
1000 1 62
1000 1 63
1000 1 64
1000 1 65
1000 1 66
1000 1 67
1000 1 68
1000 1 69
1000 1 70
1000 1 71
1000 1 72
1000 1 73
1000 1 74
1000 1 75
1000 1 76
1000 1 77
1000 1 78
1000 1 79
1000 1 80
1000 1 81
1000 1 82
1000 1 83
1000 1 84
1000 1 85
1000 1 86
1000 1 87
1000 1 88
1000 1 89
1000 1 90
1000 1 91
1000 1 92
1000 1 93
1000 1 94
1000 1 95
1000 1 96
1000 1 97
1000 1 98
1000 1 99
1000 1 100
1000 1 101
1000 1 102
1000 1 103
1000 1 104
1000 1 105
1000 1 106
1000 1 107
1000 1 108
1000 1 109
1000 1 110
1000 1 111
1000 1 112
1000 1 113
1000 1 114
1000 1 115
1000 1 116
1000 1 117
1000 1 118
1000 1 119
1000 1 120
1000 1 121
1000 1 122
1000 1 123
1000 1 124
1000 1 125
1000 1 126
1000 1 127
1000 1 128
1000 1 129
1000 1 130
1000 1 131
1000 1 132
1000 1 133
1000 1 134
1000 1 135
1000 1 136
1000 1 137
1000 1 138
1000 1 139
1000 1 140
1000 1 141
1000 1 142
1000 1 143
1000 1 144
1000 1 145
1000 1 146
1000 1 147
1000 1 148
1000 1 149
1000 1 150
1000 1 151
1000 1 152
1000 1 153
1000 1 154
1000 1 155
1000 1 156
1000 1 157
1000 1 158
1000 1 159
1000 1 160
1000 1 161
1000 1 162
1000 1 163
1000 1 164
1000 1 165
1000 1 166
1000 1 167
1000 1 168
1000 1 169
1000 1 170
1000 1 171
1000 1 172
1000 1 173
1000 1 174
1000 1 175
1000 1 176
1000 1 177
1000 1 178
1000 1 179
1000 1 180
1000 1 181
1000 1 182
1000 1 183
1000 1 184
1000 1 185
1000 1 186
1000 1 187
1000 1 188
1000 1 189
1000 1 190
1000 1 191
1000 1 192
1000 1 193
1000 1 194
1000 1 195
1000 1 196
1000 1 197
1000 1 198
1000 1 199
1000 1 200
1000 1 201
1000 1 202
1000 1 203
1000 1 204
1000 1 205
1000 1 206
1000 1 207
1000 1 208
1000 1 209
1000 1 210
1000 1 211
1000 1 212
1000 1 213
1000 1 214
1000 1 215
1000 1 216
1000 1 217
1000 1 218
1000 1 219
1000 1 220
1000 1 221
1000 1 222
1000 1 223
1000 1 224
1000 1 225
1000 1 226
1000 1 227
1000 1 228
1000 1 229
1000 1 230
1000 1 231
1000 1 232
1000 1 233
1000 1 234
1000 1 235
1000 1 236
1000 1 237
1000 1 238
1000 1 239
1000 1 240
1000 1 241
1000 1 242
1000 1 243
1000 1 244
1000 1 245
1000 1 246
1000 1 247
1000 1 248
1000 1 249
1000 1 250
1000 1 251
1000 1 252
1000 1 253
1000 1 254
1000 1 255
1000 1 256
1000 1 257
1000 1 258
1000 1 259
1000 1 260
1000 1 261
1000 1 262
1000 1 263
1000 1 264
1000 1 265
1000 1 266
1000 1 267
1000 1 268
1000 1 269
1000 1 270
1000 1 271
1000 1 272
1000 1 273
1000 1 274
1000 1 275
1000 1 276
1000 1 277
1000 1 278
1000 1 279
1000 1 280
1000 1 281
1000 1 282
1000 1 283
1000 1 284
1000 1 285
1000 1 286
1000 1 287
1000 1 288
1000 1 289
1000 1 290
1000 1 291
1000 1 292
1000 1 293
1000 1 294
1000 1 295
1000 1 296
1000 1 297
1000 1 298
1000 1 299
1000 1 300
1000 1 301
1000 1 302
1000 1 303
1000 1 304
1000 1 305
1000 1 306
1000 1 307
1000 1 308
1000 1 309
1000 1 310
1000 1 311
1000 1 312
1000 1 313
1000 1 314
1000 1 315
1000 1 316
1000 1 317
1000 1 318
1000 1 319
1000 1 320
1000 1 321
1000 1 322
1000 1 323
1000 1 324
1000 1 325
1000 1 326
1000 1 327
1000 1 328
1000 1 329
1000 1 330
1000 1 331
1000 1 332
1000 1 333
1000 1 334
1000 1 335
1000 1 336
1000 1 337
1000 1 338
1000 1 339
1000 1 340
1000 1 341
1000 1 342
1000 1 343
1000 1 344
1000 1 345
1000 1 346
1000 1 347
1000 1 348
1000 1 349
1000 1 350
1000 1 351
1000 1 352
1000 1 353
1000 1 354
1000 1 355
1000 1 356
1000 1 357
1000 1 358
1000 1 359
1000 1 360
1000 1 361
1000 1 362
1000 1 363
1000 1 364
1000 1 365
1000 1 366
1000 1 367
1000 1 368
1000 1 369
1000 1 370
1000 1 371
1000 1 372
1000 1 373
1000 1 374
1000 1 375
1000 1 376
1000 1 377
1000 1 378
1000 1 379
1000 1 380
1000 1 381
1000 1 382
1000 1 383
1000 1 384
1000 1 385
1000 1 386
1000 1 387
1000 1 388
1000 1 389
1000 1 390
1000 1 391
1000 1 392
1000 1 393
1000 1 394
1000 1 395
1000 1 396
1000 1 397
1000 1 398
1000 1 399
1000 1 400
1000 1 401
1000 1 402
1000 1 403
1000 1 404
1000 1 405
1000 1 406
1000 1 407
1000 1 408
1000 1 409
1000 1 410
1000 1 411
1000 1 412
1000 1 413
1000 1 414
1000 1 415
1000 1 416
1000 1 417
1000 1 418
1000 1 419
1000 1 420
1000 1 421
1000 1 422
1000 1 423
1000 1 424
1000 1 425
1000 1 426
1000 1 427
1000 1 428
1000 1 429
1000 1 430
1000 1 431
1000 1 432
1000 1 433
1000 1 434
1000 1 435
1000 1 436
1000 1 437
1000 1 438
1000 1 439
1000 1 440
1000 1 441
1000 1 442
1000 1 443
1000 1 444
1000 1 445
1000 1 446
1000 1 447
1000 1 448
1000 1 449
1000 1 450
1000 1 451
1000 1 452
1000 1 453
1000 1 454
1000 1 455
1000 1 456
1000 1 457
1000 1 458
1000 1 459
1000 1 460
1000 1 461
1000 1 462
1000 1 463
1000 1 464
1000 1 465
1000 1 466
1000 1 467
1000 1 468
1000 1 469
1000 1 470
1000 1 471
1000 1 472
1000 1 473
1000 1 474
1000 1 475
1000 1 476
1000 1 477
1000 1 478
1000 1 479
1000 1 480
1000 1 481
1000 1 482
1000 1 483
1000 1 484
1000 1 485
1000 1 486
1000 1 487
1000 1 488
1000 1 489
1000 1 490
1000 1 491
1000 1 492
1000 1 493
1000 1 494
1000 1 495
1000 1 496
1000 1 497
1000 1 498
1000 1 499
1000 1 500
1000 1 501
1000 1 502
1000 1 503
1000 1 504
1000 1 505
1000 1 506
1000 1 507
1000 1 508
1000 1 509
1000 1 510
1000 1 511
1000 1 512
1000 2 1
1000 2 2
1000 2 3
1000 2 4
1000 2 5
1000 2 6
1000 2 7
1000 2 8
1000 2 9
1000 2 10
1000 2 11
1000 2 12
1000 2 13
1000 2 14
1000 2 15
1000 2 16
1000 2 17
1000 2 18
1000 2 19
1000 2 20
1000 2 21
1000 2 22
1000 2 23
1000 2 24
1000 2 25
1000 2 26
1000 2 27
1000 2 28
1000 2 29
1000 2 30
1000 2 31
1000 2 32
1000 2 33
1000 2 34
1000 2 35
1000 2 36
1000 2 37
1000 2 38
1000 2 39
1000 2 40
1000 2 41
1000 2 42
1000 2 43
1000 2 44
1000 2 45
1000 2 46
1000 2 47
1000 2 48
1000 2 49
1000 2 50
1000 2 51
1000 2 52
1000 2 53
1000 2 54
1000 2 55
1000 2 56
1000 2 57
1000 2 58
1000 2 59
1000 2 60
1000 2 61
1000 2 62
1000 2 63
1000 2 64
1000 2 65
1000 2 66
1000 2 67
1000 2 68
1000 2 69
1000 2 70
1000 2 71
1000 2 72
1000 2 73
1000 2 74
1000 2 75
1000 2 76
1000 2 77
1000 2 78
1000 2 79
1000 2 80
1000 2 81
1000 2 82
1000 2 83
1000 2 84
1000 2 85
1000 2 86
1000 2 87
1000 2 88
1000 2 89
1000 2 90
1000 2 91
1000 2 92
1000 2 93
1000 2 94
1000 2 95
1000 2 96
1000 2 97
1000 2 98
1000 2 99
1000 2 100
1000 2 101
1000 2 102
1000 2 103
1000 2 104
1000 2 105
1000 2 106
1000 2 107
1000 2 108
1000 2 109
1000 2 110
1000 2 111
1000 2 112
1000 2 113
1000 2 114
1000 2 115
1000 2 116
1000 2 117
1000 2 118
1000 2 119
1000 2 120
1000 2 121
1000 2 122
1000 2 123
1000 2 124
1000 2 125
1000 2 126
1000 2 127
1000 2 128
1000 2 129
1000 2 130
1000 2 131
1000 2 132
1000 2 133
1000 2 134
1000 2 135
1000 2 136
1000 2 137
1000 2 138
1000 2 139
1000 2 140
1000 2 141
1000 2 142
1000 2 143
1000 2 144
1000 2 145
1000 2 146
1000 2 147
1000 2 148
1000 2 149
1000 2 150
1000 2 151
1000 2 152
1000 2 153
1000 2 154
1000 2 155
1000 2 156
1000 2 157
1000 2 158
1000 2 159
1000 2 160
1000 2 161
1000 2 162
1000 2 163
1000 2 164
1000 2 165
1000 2 166
1000 2 167
1000 2 168
1000 2 169
1000 2 170
1000 2 171
1000 2 172
1000 2 173
1000 2 174
1000 2 175
1000 2 176
1000 2 177
1000 2 178
1000 2 179
1000 2 180
1000 2 181
1000 2 182
1000 2 183
1000 2 184
1000 2 185
1000 2 186
1000 2 187
1000 2 188
1000 2 189
1000 2 190
1000 2 191
1000 2 192
1000 2 193
1000 2 194
1000 2 195
1000 2 196
1000 2 197
1000 2 198
1000 2 199
1000 2 200
1000 2 201
1000 2 202
1000 2 203
1000 2 204
1000 2 205
1000 2 206
1000 2 207
1000 2 208
1000 2 209
1000 2 210
1000 2 211
1000 2 212
1000 2 213
1000 2 214
1000 2 215
1000 2 216
1000 2 217
1000 2 218
1000 2 219
1000 2 220
1000 2 221
1000 2 222
1000 2 223
1000 2 224
1000 2 225
1000 2 226
1000 2 227
1000 2 228
1000 2 229
1000 2 230
1000 2 231
1000 2 232
1000 2 233
1000 2 234
1000 2 235
1000 2 236
1000 2 237
1000 2 238
1000 2 239
1000 2 240
1000 2 241
1000 2 242
1000 2 243
1000 2 244
1000 2 245
1000 2 246
1000 2 247
1000 2 248
1000 2 249
1000 2 250
1000 2 251
1000 2 252
1000 2 253
1000 2 254
1000 2 255
1000 2 256
1000 3 1
1000 3 2
1000 3 3
1000 3 4
1000 3 5
1000 3 6
1000 3 7
1000 3 8
1000 3 9
1000 3 10
1000 3 11
1000 3 12
1000 3 13
1000 3 14
1000 3 15
1000 3 16
1000 3 17
1000 3 18
1000 3 19
1000 3 20
1000 3 21
1000 3 22
1000 3 23
1000 3 24
1000 3 25
1000 3 26
1000 3 27
1000 3 28
1000 3 29
1000 3 30
1000 3 31
1000 3 32
1000 3 33
1000 3 34
1000 3 35
1000 3 36
1000 3 37
1000 3 38
1000 3 39
1000 3 40
1000 3 41
1000 3 42
1000 3 43
1000 3 44
1000 3 45
1000 3 46
1000 3 47
1000 3 48
1000 3 49
1000 3 50
1000 3 51
1000 3 52
1000 3 53
1000 3 54
1000 3 55
1000 3 56
1000 3 57
1000 3 58
1000 3 59
1000 3 60
1000 3 61
1000 3 62
1000 3 63
1000 3 64
1000 3 65
1000 3 66
1000 3 67
1000 3 68
1000 3 69
1000 3 70
1000 3 71
1000 3 72
1000 3 73
1000 3 74
1000 3 75
1000 3 76
1000 3 77
1000 3 78
1000 3 79
1000 3 80
1000 3 81
1000 3 82
1000 3 83
1000 3 84
1000 3 85
1000 3 86
1000 3 87
1000 3 88
1000 3 89
1000 3 90
1000 3 91
1000 3 92
1000 3 93
1000 3 94
1000 3 95
1000 3 96
1000 3 97
1000 3 98
1000 3 99
1000 3 100
1000 3 101
1000 3 102
1000 3 103
1000 3 104
1000 3 105
1000 3 106
1000 3 107
1000 3 108
1000 3 109
1000 3 110
1000 3 111
1000 3 112
1000 3 113
1000 3 114
1000 3 115
1000 3 116
1000 3 117
1000 3 118
1000 3 119
1000 3 120
1000 3 121
1000 3 122
1000 3 123
1000 3 124
1000 3 125
1000 3 126
1000 3 127
1000 3 128
1000 4 1
1000 4 2
1000 4 3
1000 4 4
1000 4 5
1000 4 6
1000 4 7
1000 4 8
1000 4 9
1000 4 10
1000 4 11
1000 4 12
1000 4 13
1000 4 14
1000 4 15
1000 4 16
1000 4 17
1000 4 18
1000 4 19
1000 4 20
1000 4 21
1000 4 22
1000 4 23
1000 4 24
1000 4 25
1000 4 26
1000 4 27
1000 4 28
1000 4 29
1000 4 30
1000 4 31
1000 4 32
1000 4 33
1000 4 34
1000 4 35
1000 4 36
1000 4 37
1000 4 38
1000 4 39
1000 4 40
1000 4 41
1000 4 42
1000 4 43
1000 4 44
1000 4 45
1000 4 46
1000 4 47
1000 4 48
1000 4 49
1000 4 50
1000 4 51
1000 4 52
1000 4 53
1000 4 54
1000 4 55
1000 4 56
1000 4 57
1000 4 58
1000 4 59
1000 4 60
1000 4 61
1000 4 62
1000 4 63
1000 4 64
1000 5 1
1000 5 2
1000 5 3
1000 5 4
1000 5 5
1000 5 6
1000 5 7
1000 5 8
1000 5 9
1000 5 10
1000 5 11
1000 5 12
1000 5 13
1000 5 14
1000 5 15
1000 5 16
1000 5 17
1000 5 18
1000 5 19
1000 5 20
1000 5 21
1000 5 22
1000 5 23
1000 5 24
1000 5 25
1000 5 26
1000 5 27
1000 5 28
1000 5 29
1000 5 30
1000 5 31
1000 5 32
1000 6 1
1000 6 2
1000 6 3
1000 6 4
1000 6 5
1000 6 6
1000 6 7
1000 6 8
1000 6 9
1000 6 10
1000 6 11
1000 6 12
1000 6 13
1000 6 14
1000 6 15
1000 6 16
1000 7 1
1000 7 2
1000 7 3
1000 7 4
1000 7 5
1000 7 6
1000 7 7
1000 7 8
1000 8 1
1000 8 2
1000 8 3
1000 8 4
1000 9 1
1000 9 2
1000 10 1
