1000 8 1
1000 8 3
1000 9 1
1000 10 1
1000 6 4
1000 6 8
1000 6 12
1000 6 16
1000 7 4
1000 7 8
1000 4 8
1000 4 16
1000 4 24
1000 4 32
1000 4 40
1000 4 48
1000 4 56
1000 4 64
1000 5 8
1000 5 16
1000 5 24
1000 5 32
1000 2 16
1000 2 32
1000 2 48
1000 2 64
1000 2 80
1000 2 96
1000 2 112
1000 2 128
1000 2 144
1000 2 160
1000 2 176
1000 2 192
1000 2 208
1000 2 224
1000 2 240
1000 2 256
1000 3 16
1000 3 32
1000 3 48
1000 3 64
1000 3 80
1000 3 96
1000 3 112
1000 3 128
1000 1 64
1000 1 128
1000 1 192
1000 1 256
1000 1 320
1000 1 384
1000 1 448
1000 1 512
